0.1939344332
0.2028381752
0.2326106265
0.0055350748
0.5477135423
0.0465669345
0.2885136629
0.0323775549
0.5752960259
0.0810475500
0.0097444428
0.7538356191
0.7407785582
0.0933048693
0.0045647249
0.2546788478
0.0000000000
0.3932908802
0.0388663609
0.3622635154
0.0263325711
0.3803832948
0.0000000000
0.0000000000
0.1827868619
0.6306191521
0.1444407911
0.5492415457
0.3330841773
0.0304625589
0.4101536377
0.0212869123
0.4915752148
0.6702083729
0.7459845802
0.2817135486
0.6984952946
0.7316269955
0.1078771766
0.9575260589
0.2630947521
0.3900815943
0.7837132703
0.0285394135
0.0153076837
0.3491039433
0.0000000000
0.2585124884
0.6033199916
0.5111682644
0.3181837229
0.6216368477
0.1429478531
0.2495662893
0.7598553455
0.3528694368
0.0000000000
0.7916863895
0.2839895545
0.1743734901
0.3731441052
0.0129988151
0.7880108905
0.3610071383
0.8460201966
0.3762624076
0.7766689194
0.0000000000
0.1947378974
0.8365366275
0.1682928554
0.6538933316
0.8284063003
0.0344695724
0.0500876055
0.8442429873
0.1911941212
0.5107128287
0.0665463721
0.0405760605
0.2379770547
0.1708756486
0.0112036933
0.0151763656
0.0774850436
0.7234518700
0.5724624739
0.3366124955
0.2917558441
0.8526909551
0.0316909933
0.2267787637
0.0237323497
0.4117834608
0.7439518038
0.5785208433
0.0996751285
0.3816631108
0.3832865111
0.7876794462
0.0804163960
0.0065570066
0.7571719698
0.0157607478
0.1475153907
0.3631466019
0.1323389373
0.1424693951
0.1510135263
0.4940189770
0.0023027445
0.3087951231
0.5043757677
0.4407099157
0.0047132726
0.0908560244
0.5713220837
0.3990946500
0.1617382734
0.0433731025
0.8079774090
0.8330361440
0.0038159966
0.1366378067
0.0012177386
0.1022354965
0.8600345438
0.2491728565
0.4766948987
0.0000000000
0.3005876834
0.0084145912
0.1490539340
0.0414390016
0.2647105008
0.0059712354
0.2507365860
0.4403844861
0.5742667045
0.3922831543
0.0467788180
0.7459231799
0.0383572225
0.2314452899
0.3657290373
0.0862455294
0.0580009528
0.0272092397
0.9265898323
0.0000000000
0.0000000000
0.8947412112
0.1670711364
0.4590521481
0.3752257300
0.1519452071
0.4032887688
0.4386426544
0.6413599101
0.0208640994
0.0289949340
0.7850560016
0.8907661609
0.6383884630
0.6593366748
0.6052532890
0.4478270058
0.0519573296
0.3422871308
0.5755128922
0.1899441923
0.3692601799
0.6515148191
0.0000000000
0.3238635793
0.3849679424
0.1317521743
0.6207451283
0.0694997184
0.4267624543
0.7841262052
0.4619860459
0.8368183531
0.7976639273
0.8338501147
0.0000000000
0.0718319285
0.1474749720
0.4404139335
0.3392093167
0.0603417912
0.1379100096
0.2290680768
0.4869500261
0.0428271464
0.1648404533
0.5486277738
0.2959583126
0.0000000000
0.6169857953
0.1949452071
0.3997323526
0.0000000000
0.1269227905
0.7698654081
0.5009626002
0.4928704587
0.1857739993
0.2730055458
0.0286790041
0.0000000000
0.0935930625
0.6314360639
0.6607394644
0.0097980722
0.8006524350
0.0452223888
0.6550667277
0.0088495095
0.0346217306
0.1755880282
0.0035922575
0.0029505623
0.7792695821
0.3572058232
0.5152656955
0.0109522341
0.0000000000
0.0000000000
0.6127839379
0.8147790375
0.5595219042
0.7747079910
0.2246669781
0.0451017198
0.7825299310
0.0122626755
0.1251722888
0.1003471889
0.3676661903
0.1688486051
0.1643551115
0.1929401032
0.0694793360
0.5621933491
0.0286340508
0.9302887198
0.1512228910
0.6767136056
0.4553588257
0.0224990630
0.6313467167
0.1573387398
0.0061315783
0.6234681732
0.3912761896
0.8410193793
0.8151017538
0.1946778248
0.6353284655
0.8058281911
0.4097949244
0.7025926715
0.6445105489
0.0054498418
0.0497224109
0.6239976577
0.3167800450
0.6342879895
0.7595426954
0.3935316158
0.5916896654
0.3951659226
0.0714703696
0.3859563351
0.4387183311
0.5224472601
0.8959877790
0.8213737482
0.1853801466
0.3607423250
0.6685191048
0.2480297238
0.9291423383
0.0108725685
0.5384533811
0.0224176367
0.3980435813
0.0552990670
0.6157150807
0.2445376754
0.0223409261
0.4373298112
0.0596739303
0.4013524468
0.0000000000
0.5044721590
0.2719452945
0.8039591728
0.6199734129
0.1446737016
0.5755922845
0.0043228279
0.4552509107
0.2133105034
0.2832846401
0.5164764803
0.3200160024
0.3793567028
0.4194054392
0.3642505610
0.7385492194
0.6104278074
0.1539357697
0.2746647446
0.7413888356
0.2389038147
0.2962604669
0.6642814295
0.2929928272
0.8394468409
0.6105645885
0.4630151640
0.1049048013
0.1582179421
0.4383894822
0.7673725946
0.6424487271
0.0096264489
0.4160266431
0.1523875818
0.0025645155
0.5383922891
0.7051359377
0.3203839032
0.1303686492
0.6735182955
0.5823472430
0.3174709006
0.9961910732
0.8395560608
0.0304586582
0.3162416369
0.4527091516
0.4021154517
0.8232885806
0.2715696835
0.8199763098
0.0773256350
0.2720831726
0.8961417594
0.3520060583
0.6833396550
0.0111767559
0.2045508721
0.3734827699
0.8185780625
0.4228229272
0.0033050129
0.4128466002
0.4975811265
0.8097804990
0.1667869351
0.7679526891
0.6055316321
0.1804784884
0.3153029931
0.0217341486
0.0355160608
0.0614110631
0.4209636278
0.3176101887
0.4730915738
0.5439040243
0.0653600137
0.5168395023
0.4713760632
0.3765445791
0.4348269562
0.0000000000
0.0929389622
0.4268363634
0.7020556390
0.6826027768
0.6614455950
0.1260415393
0.3594447354
0.7216100406
0.5424578847
0.8071099803
0.2735092133
0.7067829218
0.2086747592
0.0904351395
0.0000000000
0.1585894672
0.1090397812
0.8257086092
0.0000000000
0.0000000000
0.1364655360
0.0631594470
0.8221280375
0.3513952712
0.3477458228
0.7213959481
0.0922875417
0.0819409063
0.6094658978
0.6030536067
0.3422088520
0.0803811303
0.4720893463
0.4693920076
0.4122664286
0.0000000000
0.5139664392
0.1736491347
0.0032174018
0.1778386933
0.2243503561
0.1442398425
0.1958685815
0.7226820117
0.1397694710
0.8303295526
0.2698890626
0.7926160687
0.0200468623
0.4225144884
0.3452065187
0.2015990301
0.7817281005
0.6997034068
0.6381281277
0.5981582481
0.0246153941
0.8376441682
0.3666758858
0.1942489921
0.2495867786
0.4950904012
0.5290774845
0.0134224820
0.0694563099
0.3737794419
0.1326153778
0.0397398677
0.1514487270
0.6041732712
0.0235027471
0.3846400948
0.1503293541
0.2376547665
0.0356641003
0.3811608188
0.9903446213
0.5423706273
0.3263234102
0.6719924832
0.1684841979
0.6307769687
0.9555515456
0.6427168130
0.0000000000
0.3568280094
0.6278571552
0.0833294496
0.7014574928
0.8052782377
0.3303637259
0.0696837278
0.0946569581
0.3295642094
0.4444197306
0.0000000000
0.3951845686
0.1020185762
0.4091072057
0.2700233561
0.2005913492
0.7115077458
0.6165083258
0.0191824842
0.5456358173
0.0000000000
0.0000000000
0.4471241275
0.1522072074
0.2459821074
0.4013969410
0.8060055876
0.2441818234
0.0979471520
0.4083653695
0.2732636453
0.0797254422
0.0000000000
0.7802488381
0.8830829539
0.0897080730
0.6884924903
0.0085181225
0.1542196799
0.0000000000
0.1371916528
0.0000000000
0.7506901133
0.4550089871
0.7623035085
0.3430918762
0.2731009438
0.7733294235
0.8470172213
0.3271728338
0.3289151252
0.4180838188
0.0179892319
0.4718415816
0.3855067304
0.5775809750
0.4989638876
0.4424461772
0.0350005724
0.0886281497
0.5255158103
0.5955262648
0.5243953497
0.0254797180
0.0891645372
0.0670333147
0.1733987768
0.6611270607
0.0210360729
0.1506136862
0.9193340238
0.6480074025
0.0000000000
0.7270979963
0.2794500953
0.2997543001
0.7630996240
0.2254874195
0.8794083651
0.2460602271
0.3921368937
0.5657387493
0.0203900187
0.4946765787
0.3840380593
0.4530338681
0.1082736056
0.3662967600
0.0877663053
0.3713762180
0.3011566658
0.0780573850
0.1191198349
0.0281974733
0.4091094026
0.0659147512
0.6510791868
0.0255091500
0.0185840083
0.9567591323
0.0000000000
0.8073687357
0.2194834142
0.4951819322
0.0000000000
0.3202304313
0.0693186237
0.4217741181
0.0274121661
0.0072396819
0.7000785114
0.1236887401
0.4886581696
0.0865354047
0.1403295033
0.4711829387
0.0000000000
0.0905517222
0.4792550874
0.1931180946
0.2154675104
0.0661830545
0.6325759385
0.6899091328
0.0204270493
0.1890594075
0.3451239146
0.4196438983
0.7260880820
0.0256560450
0.4089777506
0.8068492948
0.3655988530
0.0103936431
0.7907623711
0.1194269708
0.5699401844
0.0526505957
0.0732129377
0.4519876304
0.0000000000
0.0837380138
0.4381227230
0.0000000000
0.3405189508
0.0137228635
0.5234346738
0.0770531850
0.1109901507
0.2813279330
0.2561137798
0.5385457225
0.1436942688
0.2404057337
0.0702168363
0.2331600153
0.0074763153
0.1318377980
0.6314714159
0.1609836574
0.1402259716
0.4155598689
0.1185429164
0.0225635985
0.2497534285
0.1214875689
0.4335191306
0.5025936964
0.4715627467
0.7481544975
0.4877228165
0.0116153282
0.3601626330
0.3465614692
0.7014060434
0.0621456680
0.2542117806
0.0537199582
0.6291956913
0.8202772208
0.0284145995
0.8304189522
0.0000000000
0.0000000000
0.1396141520
0.0115939127
0.1131144666
0.5916216512
0.9213719474
0.2247082227
0.4032928262
0.0338375857
0.2848464058
0.1564688259
0.9999999000
0.5058289676
0.4909682213
0.5900727735
0.1345243807
0.4031664678
0.0221716312
0.0590808583
0.6685183325
0.0000000000
0.4011142329
0.1959466142
0.0593593353
0.6951698512
0.0110245288
0.0054249749
0.0077823410
0.6098476598
0.1247762059
0.2583457198
0.6884449525
0.2222290277
0.4930997149
0.3126628393
0.0081706677
0.9151096876
0.5097511306
0.0767600854
0.3424307349
0.4268462411
0.0206622275
0.0689112452
0.0712120250
0.1363572226
0.1726980964
0.0843286383
0.0461873066
0.2603173318
0.0349697093
0.3658798902
0.4846327508
0.4729404915
0.0685348014
0.7086807008
0.0288933036
0.9148509414
0.7962575679
0.4270251629
0.1131960299
0.4230149711
0.4800212967
0.8234937004
0.5966718586
0.0670251302
0.3568810141
0.1268915479
0.3438141407
0.0874254633
0.3875282410
0.3083522639
0.3888072897
0.2118529360
0.5913712916
0.0179441071
0.8156943098
0.0303590060
0.5027132659
0.3891690391
0.6605788910
0.0337362406
0.3856333460
0.7683418769
0.9152862329
0.4587563784
0.0097098329
0.0597117667
0.2378240992
0.3837909694
0.0932213216
0.0000000000
0.0710820448
0.0206406349
0.0000000000
0.0085035843
0.0078625531
0.2599050807
0.1626033077
0.0000000000
0.3924343950
0.0000000000
0.4659177534
0.3888169758
0.3739576088
0.0250548932
0.0458213428
0.8155614964
0.7231351298
0.8331333267
0.2802951353
0.6346127974
0.0000000000
0.5489240735
0.4087667176
0.8349602396
0.2329607890
0.7877070783
0.0354928445
0.2216483544
0.4172955132
0.5907406530
0.4331119655
0.6340623793
0.0000000000
0.3332323005
0.1072342611
0.0092672068
0.1165114169
0.2367114189
0.0759350073
0.4592980056
0.1519101144
0.3236655355
0.1383708642
0.7357415684
0.6853030279
0.3588987774
0.8607412603
0.0546090394
0.2181045338
0.2629886063
0.0044794504
0.0000000000
0.5633395035
0.0394172646
0.1387014343
0.0449731208
0.1493339955
0.1948013153
0.8632465757
0.5651667394
0.4493898760
0.3835488356
0.3625454831
0.9414846732
0.3484480888
0.8160849410
0.0000000000
0.3729673945
0.4650216111
0.0345194952
0.5423706048
0.5701120739
0.0113204396
0.6498015189
0.0406908061
0.3938981845
0.7349750543
0.7952732954
0.1459032311
0.3749278178
0.1426125924
0.0342016634
0.2440165539
0.0991273272
0.0140959558
0.3275793304
0.1811886470
0.1575654156
0.8090409924
0.3327025402
0.0000000000
0.5578951841
0.3716962420
0.1682018282
0.2722195897
0.4129698409
0.0051807887
0.4727687970
0.0043718104
0.0066547915
0.3803109863
0.2462070452
0.3331806917
0.3747062049
0.0747338524
0.0201467171
0.6752036403
0.0187941995
0.2545694196
0.5327735781
0.1544371593
0.1337572764
0.0395688570
0.3115934188
0.6574098646
0.8028534176
0.5012467654
0.0312093389
0.0260159062
0.0903482505
0.7239052533
0.4998546100
0.0082820700
0.1075855339
0.4914544471
0.4598289688
0.2401338043
0.0734337641
0.0174292309
0.0118884792
0.4577689221
0.0836817147
0.0029724673
0.0974642537
0.5057898439
0.4456568658
0.1443785417
0.9309950718
0.0000000000
0.9729293259
0.7621686958
0.6460847653
0.0554374596
0.0000000000
0.1788950545
0.8440270662
0.0747957947
0.6843167679
0.0237322165
0.6748065191
0.0064677882
0.0690640733
0.2353549340
0.7645126838
0.3122142105
0.0906192608
0.1205269157
0.3515374563
0.2097581455
0.9037135809
0.7836249844
0.1537805239
0.0000000000
0.7878970759
0.4711942721
0.0899037315
0.3355651029
0.6620793624
0.1521649465
0.7945834404
0.3658244249
0.2657993699
0.4456045142
0.7294185386
0.5797813080
0.3427058432
0.8513318487
0.4817982197
0.4969104828
0.1821528105
0.1228165388
0.3879638342
0.4001187418
0.5760537480
0.6103423565
0.0000000000
0.3696535355
0.0613162587
0.4598390905
0.2985245303
0.4153702825
0.1674814495
0.4468109157
0.0074784749
0.0049264217
0.0000000000
0.0838964842
0.7109717455
0.0117105597
0.1314506190
0.4085999304
0.4335721014
0.3713655068
0.7763472910
0.0115260363
0.7633726193
0.5886410700
0.7287848550
0.3783294904
0.6111611165
0.2230541273
0.4308223061
0.4781434881
0.9828722602
0.0025225358
0.0287467931
0.0072717495
0.5256356450
0.0055331701
0.2706341711
0.3520097749
0.6544832937
0.9873132029
0.6939495874
0.8600340400
0.4274477554
0.8790201497
0.2525270320
0.0000000000
0.1959615900
0.0000000000
0.6383709974
0.2299620882
0.3420844443
0.6344404456
0.0000000000
0.1221281347
0.6191869342
0.5835068095
0.0906564945
0.0359520614
0.4705254638
0.0329280727
0.0393603096
0.1669067663
0.3422216946
0.6063710952
0.4494211074
0.4915372199
0.0000000000
0.9295670274
0.9212702212
0.8090631241
0.0000000000
0.3403555510
0.5231373480
0.0588907366
0.1133541199
0.0780208034
0.0611467517
0.8565923047
0.1640990850
0.0257023603
0.3122952549
0.4191155944
0.8309647392
0.3001215681
0.7260987428
0.4358283319
0.2497274403
0.1592163910
0.8485609846
0.7520935081
0.1643582930
0.1787933698
0.0262749181
0.0000000000
0.3119527434
0.6265745672
0.1366496862
0.4604956103
0.2815132537
0.1174218494
0.0000000000
0.0000000000
0.0126242453
0.0266335504
0.0337837754
0.4713740479
0.2096272395
0.5783107149
0.1730024922
0.4339942952
0.1514584080
0.0574891126
0.0047110416
0.4619696168
0.8642573792
0.0000000000
0.4608846314
0.0480921591
0.6235242374
0.2008338290
0.3042543940
0.3292776022
0.1588279637
0.0057815842
0.1486685885
0.0198320450
0.3395037625
0.0000000000
0.2423900204
0.0542939018
0.0000000000
0.0386423646
0.6460187181
0.2341994655
0.6352683766
0.3602889558
0.0038973819
0.2704861196
0.1836789148
0.0103645610
0.1259161714
0.0781031796
0.2289414100
0.6299169098
0.8434096533
0.5517541483
0.4209555031
0.8649714531
0.0793810771
0.4269485888
0.4554864618
0.7462438876
0.4734816594
0.8077035612
0.0960750860
0.0154222831
0.8623315653
0.2682604290
0.1940320705
0.1449254361
0.0508567091
0.1750108516
0.1592909866
0.4605681806
0.0000000000
0.1261696696
0.1811996020
0.1993006899
0.0000000000
0.1242396719
0.8417796028
0.0427508332
0.3587055638
0.6399072189
0.2929764197
0.3059126170
0.0454624330
0.1481646107
0.3956647024
0.1248635948
0.6599016493
0.7778682066
0.3309515946
0.0000000000
0.4676206263
0.9113914928
0.0000000000
0.4114460565
0.0200870867
0.7224358198
0.6183593039
0.2018480169
0.8308846167
0.4972808893
0.7754677515
0.3087112941
0.3403361570
0.1168964545
0.7861845192
0.0668367713
0.0738720513
0.0000000000
0.3909372544
0.7339202626
0.5647869884
0.0000000000
0.2837187434
0.6371103229
0.0000000000
0.2421309665
0.9031730943
0.5708877056
0.4758772845
0.0000000000
0.1005139356
0.5013634297
0.7964252926
0.4590687609
0.4616924796
0.0673045529
0.0070704552
0.0000000000
0.4625838016
0.6286856054
0.3707516302
0.0037705008
0.5175674767
0.3125713511
0.5249415636
0.0932878622
0.2149059564
0.2460563466
0.0149795451
0.4940490981
0.4761178197
0.2857251929
0.0374454424
0.3428545520
0.9239124083
0.2979340439
0.0047881939
0.4845171074
0.2054633014
0.4597105208
0.0257935547
0.1625514799
0.1846507819
0.6806627781
0.4742870408
0.0034578929
0.0206702428
0.3028715060
0.7702732986
0.4737967992
0.0000000000
0.5399699311
0.6341514905
0.1737830400
0.6026102193
0.1485665703
0.0086283827
0.3983155733
0.3820230031
0.5541075316
0.0301914858
0.5830938102
0.2079893886
0.0000000000
0.0041961234
0.1120904607
0.1944976087
0.4763381676
0.8669968010
0.0152018244
0.2234926940
0.5921092574
0.2667489950
0.2782910373
0.0172602403
0.0314193466
0.2857630080
0.5839892185
0.6487023950
0.0261578583
0.0330980574
0.4128086675
0.0087808185
0.1486219247
0.7695155975
0.2694242513
0.2839231834
0.1664966496
0.7404736649
0.2390935743
0.3935320613
0.1432160153
0.3957783871
0.0089463721
0.0544992422
0.1251034862
0.6192858478
0.0692498784
0.3030978378
0.5201333790
0.1388482007
0.1702843498
0.3899137319
0.8102094948
0.0000000000
0.4027887601
0.0968501918
0.1960839775
0.8679260178
0.6891825786
0.7503674068
0.8135759178
0.8489551287
0.0598283653
0.3485762141
0.0240874994
0.6921564786
0.5795486785
0.2716016891
0.1352420120
0.1672117045
0.1125502625
0.1735228888
0.3097942620
0.4621141257
0.6594429183
0.2493961347
0.0599232053
0.0985031511
0.1267223423
0.2590827653
0.2878693437
0.6137532466
0.4146468331
0.5546040564
0.4444845486
0.0626293007
0.7965524299
0.1398397961
0.0427883450
0.1384818680
0.3489767991
0.0675307401
0.7987241595
0.0071928511
0.0157379913
0.9289765441
0.4492520247
0.0199304180
0.4031193463
0.0601038276
0.0000000000
0.4487813480
0.7028309787
0.4170005044
0.7663515592
0.0000000000
0.6457811697
0.0000000000
0.0389364122
0.2191807020
0.2868684159
0.0089955412
0.0086029566
0.1784805730
0.5774229286
0.0301211411
0.4702427089
0.0038230517
0.6480559966
0.0389826989
0.1624900110
0.6335128600
0.6569456697
0.0973403106
0.7308177999
0.0947496429
0.5391867484
0.0523549559
0.5702971842
0.3201759643
0.0000000000
0.2405265274
0.3102334366
0.3281443830
0.6874074216
0.6294407370
0.3418138340
0.2492429214
0.5256128921
0.3605104123
0.0909132163
0.2471545556
0.0416628701
0.1399630758
0.0411221795
0.1233593597
0.0260000682
0.6591039362
0.2306691402
0.1182938133
0.3746429839
0.2394536549
0.1238761085
0.0000000000
0.9220931063
0.0891218676
0.3059514524
0.7919714754
0.1567304028
0.0807119630
0.0343483167
0.0000000000
0.0120833235
0.3507866175
0.0445192368
0.3740734019
0.7800495066
0.0063854564
0.4988008869
0.1784178388
0.1926994536
0.4212607272
0.4664989550
0.0033994205
0.0000000000
0.3394683682
0.0950802237
0.1738451108
0.3273462184
0.5660877307
0.3580276164
0.7762777181
0.3186956379
0.1030004263
0.5042857568
0.0162462431
0.1411480355
0.3841251828
0.4746105675
0.0092454162
0.0537003677
0.0961611288
0.0000000000
0.7829631742
0.6913688603
0.4674711139
0.0111265898
0.2034813867
0.3232915323
0.7238342011
0.0289068677
0.4823965662
0.4767937659
0.5861075678
0.6663544120
0.3199372520
0.1542545497
0.8393941968
0.2304134387
0.6797015702
0.0000000000
0.8013587028
0.7229221067
0.0039982471
0.7597219172
0.2369345333
0.3138632484
0.5570352222
0.4008669181
0.0032856797
0.8251131881
0.1913281286
0.1494428960
0.1248722349
0.0189699014
0.0897020402
0.4856121582
0.1612823791
0.0592842955
0.4446296659
0.5518037009
0.1318136791
0.3811819960
0.1334881918
0.2261165831
0.2032500420
0.0159242299
0.6938989345
0.3900585850
0.4282874785
0.7019925962
0.1244362591
0.4027113975
0.1626779165
0.6939855223
0.3356777138
0.4426289513
0.2049711258
0.0144250272
0.8064990682
0.0484059533
0.0839178019
0.0433346682
0.0867498734
0.2620309393
0.0000000000
0.6264059826
0.0499237924
0.3369627508
0.2039347896
0.7728415340
0.1123128528
0.2825277351
0.7497052076
0.2651352578
0.0268455705
0.8564532689
0.6322469221
0.5993053961
0.9756849953
0.0451010839
0.2466861890
0.3770168941
0.6876495224
0.1601570816
0.2830443344
0.0712659888
0.0062885829
0.3895047983
0.4961438009
0.8277010873
0.5556585889
0.3470800352
0.2567305216
0.0291716859
0.5110248957
0.0201972905
0.3041179661
0.0000000000
0.3772387007
0.0496197431
0.3474723042
0.8122830675
0.7787075360
0.1088472418
0.3539709887
0.2715209242
0.7182751675
0.0303774415
0.0454681929
0.3444632451
0.4302832469
0.1841233700
0.1046965924
0.3635900481
0.2177773542
0.4100552840
0.0278254817
0.8514015258
0.0910554401
0.3391258635
0.3583681360
0.7100136701
0.9999999000
0.2126152094
0.0458209516
0.0000000000
0.1511582189
0.0242184546
0.4930223849
0.9374857618
0.2991552733
0.6550261834
0.0516380123
0.3322033214
0.0939646280
0.2841978949
0.7344486590
0.0282873897
0.0500720799
0.2724876847
0.3061273502
0.0858637502
0.0000000000
0.1403184959
0.5665401799
0.0320619178
0.2123653704
0.4538831390
0.3040581968
0.0206914278
0.2146692220
0.0002745091
0.5996800012
0.3664285561
0.5040479784
0.7907949659
0.1257405954
0.0268757234
0.4342467948
0.1078337463
0.2869582004
0.0424682361
0.0000000000
0.0000000000
0.3826811211
0.1603639807
0.7901720716
0.0471088560
0.0359778989
0.5009944792
0.6450667156
0.0245813850
0.1175749506
0.3488077285
0.2734305282
0.2493013825
0.2423482722
0.7024905586
0.0239187081
0.1063604029
0.2410905766
0.0503497482
0.9105627032
0.4664994849
0.4231281665
0.3491231211
0.9342111456
0.0000000000
0.8232171897
0.8058180590
0.0901199267
0.0060994797
0.8078104004
0.4849744103
0.0000000000
0.5910146589
0.2947262424
0.0549871711
0.5330648897
0.3790012178
0.5476985941
0.0143734655
0.3287780619
0.6548767084
0.7785802389
0.3149662818
0.0850474803
0.0054679138
0.3506478929
0.0393228840
0.4052594956
0.4552130306
0.3008596307
0.0235428220
0.6306971880
0.2709846988
0.5921946541
0.4771503964
0.0488981948
0.1685617983
0.1324692026
0.5259936901
0.5815311301
0.0000000000
0.5442113597
0.1003634536
0.2955686861
0.2976126623
0.0083664489
0.0098702002
0.1489842021
0.2614998957
0.2007939568
0.1288972347
0.5662080434
0.6444051661
0.3382793233
0.2849871025
0.0387682972
0.2632369704
0.0234471343
0.4374297776
0.3381323680
0.3087761179
0.0000000000
0.7766498135
0.7423566846
0.4444212826
0.3216531055
0.5010376029
0.1676617673
0.3816592165
0.8840427326
0.8301646677
0.3644526769
0.0924157845
0.1189077010
0.4624961136
0.4158551371
0.3662142901
0.2707281953
0.6400575958
0.6104819615
0.4759898220
0.0051812622
0.5278848387
0.2200845220
0.4818783868
0.1047269891
0.0697592686
0.5086354716
0.6182340519
0.0541959974
0.6594889990
0.0778235923
0.1373859450
0.2872536954
0.0000000000
0.1616257939
0.0000000000
0.2245064906
0.1955154349
0.8619820374
0.7277189285
0.0000000000
0.5050908656
0.4870823186
0.3028625472
0.0239840777
0.1072653134
0.6466756982
0.1765611496
0.0713185957
0.0429619119
0.1153765302
0.2512244420
0.3739742705
0.2798543221
0.8775322874
0.2768594280
0.1443583555
0.0144587191
0.3703037628
0.5999235473
0.1225099464
0.0070155223
0.7475498754
0.3532665147
0.3240012299
0.6488423444
0.0649922236
0.0000000000
0.8218478160
0.0000000000
0.5310447809
0.0049266271
0.7324639173
0.9512897845
0.0724267812
0.0160781656
0.8127460019
0.2548313253
0.7703264152
0.2341191123
0.0402225768
0.3047937114
0.5926239712
0.0284616447
0.0836792795
0.3160555467
0.0095608680
0.7313965753
0.1395628888
0.3685037948
0.0279082242
0.5446826622
0.0658126665
0.0034041065
0.5463240731
0.5115306518
0.6824812710
0.1181277895
0.0000000000
0.9794800557
0.3447263315
0.0000000000
0.2606953870
0.0274612364
0.1442253285
0.3872175402
0.2300642082
0.7800288409
0.2957593303
0.1087603871
0.5603747384
0.7270181754
0.0000000000
0.0064714493
0.9817713445
0.0000000000
0.0070638104
0.5863301817
0.4402752342
0.7395398123
0.3771186321
0.0106812541
0.2435604753
0.7530179851
0.4777426479
0.0955041803
0.7751023369
0.0060519706
0.6665248144
0.4917268474
0.0257933242
0.8233244396
0.2935743486
0.7461155282
0.5041927701
0.4349187499
0.7616070518
0.0168254177
0.4552244321
0.8882757824
0.3428507945
0.7867116412
0.5745048731
0.3408344524
0.3799056967
0.0342165598
0.9165243830
0.4530738516
0.0325771499
0.0015324280
0.3288980878
0.6013886073
0.4426066466
0.4785301388
0.1915166059
0.1112595571
0.5214134094
0.1677202320
0.6688608561
0.2140006849
0.1353376242
0.2397172820
0.8844485055
0.1681589184
0.1172782605
0.6049224443
0.0890513522
0.3438173794
0.5458472012
0.2024596352
0.7014701034
0.5596431027
0.6907936453
0.3704718214
0.1820970217
0.0000000000
0.0297427716
0.7531115449
0.4317813797
0.3496627405
0.3546998729
0.0447116319
0.0119400693
0.1697838607
0.0323581912
0.0233153357
0.6519833527
0.0615123735
0.1138334579
0.1042123520
0.3072459608
0.0740589022
0.2994942755
0.4326194293
0.5456471519
0.2582773903
0.2877460219
0.3429689514
0.3570389569
0.1978619625
0.1813660134
0.1008173564
0.4253147932
0.0159945874
0.4065115531
0.0895595781
0.4196736477
0.7306292012
0.2536847762
0.1925650723
0.2150066765
0.7029330199
0.5955424843
0.0094012163
0.0000000000
0.7058038327
0.5795225277
0.2652646529
0.3971442231
0.0608357929
0.4481754321
0.0000000000
0.1942152909
0.1451047679
0.3943512545
0.7968761126
0.1398206369
0.6643295508
0.0582177804
0.3233228249
0.3350615076
0.0424716043
0.3241068171
0.6101774399
0.5500354925
0.4733481015
0.2705720868
0.3344114491
0.0000000000
0.2144960942
0.1030939200
0.0000000000
0.2309132333
0.1858444117
0.0000000000
0.0725931233
0.6255956501
0.1472607829
0.3525588385
0.4067066673
0.4957379186
0.9169839995
0.3994694428
0.6222086343
0.9303255731
0.8444355873
0.5801064055
0.1402250347
0.1124955158
0.4113226409
0.3161725517
0.0110003053
0.2747497093
0.1546929664
0.2583582864
0.6810761052
0.5599062735
0.8736384149
0.2175875381
0.0925051647
0.6819077030
0.4124560650
0.2373944169
0.3555504656
0.8058917239
0.0718252097
0.3654381967
0.7795754061
0.5286647451
0.7934654649
0.1927582448
0.0055204991
0.0627545868
0.0000000000
0.1556156480
0.7870773698
0.5337807808
0.7298033012
0.6527849508
0.3236907857
0.4430153891
0.4136745101
0.4198383636
0.3468866542
0.0127760451
0.5355291415
0.0140291824
0.3745572206
0.2892940614
0.1933424545
0.0120402697
0.7673986616
0.1272121896
0.0000000000
0.2343579167
0.0386738577
0.2556755062
0.0129781860
0.2655673667
0.6264758393
0.3037188127
0.3841798820
0.2859018557
0.1320129952
0.0310979023
0.2860232004
0.4060161129
0.0000000000
0.5918255708
0.0843007185
0.8988953077
0.4009723237
0.0668438603
0.2727757284
0.9126694463
0.7944483195
0.6006619639
0.0640811044
0.0396345015
0.7027327326
0.1421418921
0.0983657063
0.2405552310
0.1013794025
0.2835051675
0.0482016220
0.0000000000
0.9884920594
0.7005483344
0.0306386022
0.8365433196
0.3661548208
0.4318264700
0.8464975432
0.7757371189
0.4896975625
0.1753574830
0.9272370704
0.3952986412
0.2517797670
0.2229411196
0.0100926941
0.1745236147
0.7463930208
0.6322226700
0.5613504943
0.0313548487
0.3309635306
0.0777479432
0.3614968182
0.6372449893
0.0420695160
0.2747304315
0.0125250533
0.4032898976
0.5013324447
0.2711496768
0.7422961906
0.4024019595
0.1978249574
0.5181346070
0.6045904469
0.0000000000
0.0000000000
0.2150977994
0.1683240990
0.1259278700
0.1256300254
0.0135894697
0.9469105416
0.2847849533
0.7976966371
0.4205804130
0.2769709095
0.0316019372
0.1349999802
0.5070720641
0.0064911054
0.1387079949
0.6648281999
0.2200500964
0.0040001516
0.2183853262
0.2678106470
0.4759873076
0.1026328927
0.6984100560
0.5272286451
0.9356409267
0.0768932299
0.3585790460
0.3129909936
0.3935843617
0.0204861583
0.3820471013
0.1082963760
0.3519969401
0.8481458604
0.5028665363
0.0000000000
0.4347281583
0.1460964787
0.1758389829
0.3712306374
0.0070519515
0.7284784990
0.3437725511
0.3496324083
0.0700730983
0.4200742206
0.7502467082
0.5171538404
0.0000000000
0.6423525691
0.6125906652
0.4453583158
0.0910912228
0.2669194458
0.4255967392
0.1329271578
0.2858964812
0.0472836229
0.4710591975
0.4271521565
0.5020384511
0.1274466628
0.3061272696
0.0000000000
0.9290401218
0.3300620220
0.7973976585
0.0367863307
0.7782985513
0.7160789091
0.0824652353
0.3207542073
0.5367553400
0.4847717448
0.7573582011
0.0500550873
0.4904564688
0.7215476775
0.3752076416
0.4664490818
0.3603481726
0.0288781539
0.1279205877
0.8514465222
0.0000000000
0.5846064001
0.0239429426
0.0000000000
0.8755418753
0.1456538038
0.4557576479
0.3999701682
0.2004239857
0.0689423783
0.6399950596
0.0902527364
0.4007198822
0.0266154273
0.0054682990
0.5366497703
0.0000000000
0.2262644976
0.7326731184
0.3387542150
0.6065973957
0.0071269940
0.0000000000
0.0444410989
0.7183207772
0.5255061961
0.1167138777
0.0000000000
0.1401864146
0.0166002562
0.4237662469
0.3708529427
0.2119444726
0.8163071985
0.5759970402
0.2310102360
0.0137925053
0.1436737015
0.6670576357
0.0144008073
0.2493118771
0.6279572595
0.2142393699
0.9211972779
0.0000000000
0.0468080841
0.0035536793
0.0000000000
0.0097020989
0.0000000000
0.1500790512
0.1496739578
0.0182631561
0.6507775968
0.0339944688
0.4962220517
0.3378601477
0.0213590142
0.4207740888
0.0333891193
0.1211048821
0.9358777419
0.0677799041
0.8589473594
0.0000000000
0.2929817829
0.5928097568
0.6150169320
0.3129930750
0.0000000000
0.4946796695
0.0307461208
0.0676806478
0.0962708941
0.8080959568
0.0000000000
0.2141511712
0.4755581800
0.6979590237
0.8431065923
0.6468104609
0.8308232968
0.1132681683
0.0000000000
0.3347151562
0.8776406197
0.0171151259
0.2170039266
0.1848421566
0.3320741805
0.2476005147
0.8522067267
0.0362246647
0.5771086681
0.3614852387
0.2827747642
0.7709161451
0.0214530496
0.4504873884
0.6187528527
0.4173289196
0.0594804185
0.4021576406
0.9434623373
0.6671317285
0.2579072036
0.1450083816
0.1159336493
0.1165351060
0.2391635700
0.9454981251
0.0000000000
0.7056509529
0.4387448476
0.3566483427
0.0000000000
0.4992740030
0.0000000000
0.7096873006
0.6728395541
0.2738026406
0.1426895253
0.2942310745
0.7126504827
0.0000000000
0.3366516566
0.6242682300
0.0417976010
0.5526466335
0.0273292509
0.4107404232
0.4552184766
0.0776496420
0.7529152855
0.5317975334
0.3874519603
0.3652871122
0.6337225968
0.4063647217
0.6676359549
0.0249563605
0.2320886991
0.2084643886
0.0302090007
0.1739978172
0.5054514481
0.2036820588
0.2667806508
0.4100150742
0.0073763108
0.0000000000
0.5523935567
0.0146893587
0.1814790513
0.0029915360
0.1327473408
0.1179076705
0.0069529750
0.0152899949
0.3251660320
0.0725739578
0.2704583578
0.3007960625
0.0328098052
0.0071030499
0.0714743601
0.0352570585
0.8333821324
0.0000000000
0.1633859929
0.0882206895
0.0951819004
0.3818576353
0.0000000000
0.0069831869
0.1333701887
0.0956494977
0.0929551653
0.1846342998
0.7105445565
0.5407334238
0.6054913452
0.5237811419
0.8625411640
0.4290896956
0.0985326090
0.8433974431
0.3393123660
0.0265863394
0.5267302388
0.0103990326
0.5312382569
0.5787416713
0.8079670421
0.8997416157
0.0240525405
0.2983775681
0.0000000000
0.1131352123
0.2137540077
0.5899233401
0.7085918563
0.5801744640
0.0660479958
0.3515329281
0.7930639259
0.2664038865
0.0333913651
0.0000000000
0.2499527669
0.1902499104
0.5647944581
0.6799152053
0.8382537223
0.7258292155
0.7451133845
0.6464035682
0.0506261629
0.2840072634
0.0346890159
0.3141749034
0.0100588129
0.2695590806
0.0421575447
0.1054082024
0.0467315366
0.7086219062
0.6052865164
0.0037528604
0.4106227561
0.3974593472
0.6847251074
0.0033759687
0.5028049867
0.0354795158
0.4357558027
0.2370536277
0.1756349703
0.7599606764
0.0794959025
0.5453336611
0.6424887053
0.2960669897
0.4728268345
0.3084474943
0.6496884309
0.7284831426
0.8948065113
0.1325145725
0.7263770939
0.4757684436
0.0645821799
0.5770873140
0.0087182075
0.5931991617
0.6460204454
0.5737548977
0.5975751440
0.8115618498
0.1631613355
0.1424142280
0.4540015878
0.7431911492
0.3815573638
0.6884655406
0.1025341715
0.6769619533
0.1541763610
0.0229494132
0.4252691913
0.1710738006
0.0052981922
0.5979497180
0.0930254466
0.2441645938
0.1594900479
0.1183956232
0.4901650319
0.3183731475
0.1113292009
0.2160400316
0.9613228316
0.1125218088
0.3680129147
0.5090618574
0.5576912496
0.1916223306
0.8921674959
0.0287196533
0.2109483753
0.5213571621
0.1889524916
0.3630636065
0.3681475234
0.0000000000
0.4450757189
0.2908430143
0.0211866009
0.9450096737
0.1330215474
0.0169195212
0.0616029221
0.4848749388
0.5845828833
0.8240046293
0.6573471929
0.8619439925
0.8553405964
0.2715198165
0.8676211847
0.0392030616
0.0038091821
0.6797172842
0.8010225068
0.3474876407
0.8329437838
0.7364322424
0.1941980511
0.9225602815
0.2179771250
0.0312306153
0.0056821095
0.7647373216
0.0489255411
0.4200065126
0.1912422917
0.0000000000
0.8641541039
0.0459261879
0.0000000000
0.0000000000
0.1657162393
0.1355922704
0.6626745697
0.5985587044
0.0636000390
0.1512159940
0.4309475613
0.1065781182
0.0335256921
0.3361928283
0.4008752213
0.3188542104
0.5490007838
0.2321156884
0.0125740750
0.0422838157
0.1423417841
0.4674806516
0.9073131654
0.5138895599
0.1708713871
0.3999682926
0.7906108402
0.1048601280
0.8844637346
0.1272140480
0.3967142934
0.0510513481
0.1685702349
0.7381395251
0.1679477369
0.5159026960
0.6253548833
0.1531942872
0.7904497323
0.8317489955
0.3840946204
0.1215190247
0.1224697181
0.0933969830
0.0411148811
0.2365087488
0.3919022489
0.0977180899
0.6829340203
0.6272600186
0.6356506276
0.1357914578
0.7420453315
0.4465371267
0.1161765415
0.0193320238
0.0081017196
0.0000000000
0.3328584241
0.9064441503
0.8453852223
0.0206058185
0.0118600639
0.3460429695
0.3935756061
0.3117955703
0.1004227922
0.4163261266
0.3919686382
0.0843107778
0.0778790845
0.2858196621
0.6328695050
0.2492895829
0.1456258268
0.5641870071
0.3077223842
0.0326158183
0.1026938874
0.8608980917
0.6028741502
0.1624533971
0.0000000000
0.4994868445
0.5258811564
0.3689391539
0.1977987590
0.0264190139
0.5437431586
0.3524488191
0.0122128414
0.8872522624
0.2594022732
0.6844214129
0.0066506423
0.3654992560
0.2655730378
0.3321564888
0.0000000000
0.2148672588
0.5220286143
0.6427233548
0.5350463767
0.5121654271
0.1435852859
0.3075817200
0.1263535619
0.1173173458
0.3580552258
0.1333632103
0.1510235685
0.8544197150
0.2890716664
0.1100751530
0.9120970452
0.8359935968
0.4511238212
0.3701582740
0.9507020116
0.4598211557
0.1953099508
0.0162942508
0.2472320112
0.4836396181
0.0247505762
0.4771300168
0.6143731020
0.1302243467
0.1876658525
0.4278380779
0.0000000000
0.4848054740
0.0000000000
0.7062989218
0.0354249552
0.0960683829
0.3680966237
0.5285443039
0.8678620377
0.2197663320
0.5063065751
0.5117835370
0.4126140824
0.4631398784
0.0000000000
0.1248383732
0.2448223218
0.5052138402
0.7246627889
0.2000288675
0.1638360507
0.3605750203
0.7808461533
0.3844240466
0.5430595244
0.2319251783
0.7149385038
0.4148980841
0.3371090461
0.2335321120
0.0078835577
0.2883921229
0.5679309437
0.8137846659
0.0000000000
0.0000000000
0.1290161423
0.8723754500
0.3071244790
0.4768791361
0.4601420049
0.0069559906
0.4953018855
0.1352405300
0.4082349272
0.8620017514
0.0170759535
0.2854802450
0.2136830036
0.2639185080
0.0085897484
0.0731623925
0.0000000000
0.0000000000
0.6318914382
0.2222340072
0.3721381762
0.0244310653
0.0539705828
0.2665189435
0.7031871872
0.2427358667
0.0284002801
0.1185200713
0.6086763310
0.4126452613
0.7035430221
0.3866523027
0.0000000000
0.4414137034
0.4162634580
0.1140684881
0.2875149591
0.3188044847
0.9139064225
0.6356431346
0.0000000000
0.3038899776
0.4911143206
0.0331109396
0.4843208177
0.4679588748
0.2085782482
0.5328001638
0.4763735715
0.1647592229
0.4633728613
0.3214841463
0.0000000000
0.0060241079
0.0406444370
0.4218931962
0.7027162350
0.0447716273
0.3644138063
0.5469797468
0.8178695125
0.4403901684
0.1278013721
0.7559377488
0.4468712072
0.0074615697
0.6548133698
0.3011809644
0.1965092582
0.6731022474
0.0611905847
0.8932288292
0.0130556262
0.6601585424
0.6855764886
0.0185686373
0.3139385907
0.5797752811
0.6686881109
0.0192409218
0.7018702806
0.7218227420
0.3428672739
0.0046773351
0.5266349061
0.4252654707
0.0657512730
0.5021013597
0.0059797758
0.7360085469
0.4433872807
0.5784627264
0.0803414076
0.7978226496
0.0307469372
0.4279858664
0.0199917784
0.2605284451
0.3702154100
0.4578100103
0.2168221926
0.9415173815
0.4654461660
0.6392666602
0.1735437544
0.8305466982
0.4667086698
0.5101008234
0.0366151941
0.0031922430
0.3467021781
0.4795299992
0.0422097307
0.4334412585
0.0462111491
0.0000000000
0.2811243479
0.0111250509
0.3125887720
0.5787284649
0.1498944103
0.3913544884
0.5516379105
0.5603413013
0.3806656269
0.7846972259
0.0185856403
0.7074157393
0.7421032846
0.8380386815
0.0412761042
0.3360174029
0.5832558385
0.5680622374
0.0814081958
0.1913564251
0.1131698923
0.0075024680
0.3932745332
0.0000000000
0.0125144582
0.8599469652
0.4037403082
0.0000000000
0.1922189421
0.6998737297
0.1325100229
0.0126109186
0.3877000873
0.6388080478
0.0040658572
0.8078664078
0.0746737826
0.4614092963
0.3362905648
0.0000000000
0.0253458550
0.6546891846
0.0737269317
0.2162255716
0.0049084296
0.8493002270
0.2733482675
0.5058160419
0.2691242644
0.3975657581
0.0254657624
0.2258353247
0.5083768511
0.2216644806
0.2120587604
0.8153694628
0.7258738213
0.0000000000
0.2779577337
0.4961017751
0.4171330917
0.0096081001
0.0083086740
0.7322050209
0.0000000000
0.1351164782
0.6025206697
0.8469021766
0.2736893381
0.3533585167
0.0259945430
0.1818990312
0.0296886976
0.6719184926
0.1341857273
0.6172597738
0.8621979782
0.1844134196
0.2675613110
0.0000000000
0.6867316565
0.5929246641
0.2274107385
0.0996707640
0.2251617200
0.0000000000
0.0000000000
0.2212521071
0.5091041247
